Output of speedup/1:
| ?- speedup(R).
speedup(R).

R = 18377.0 ? 


(18378 ms) yes

Ambiguous matrices for N=1 ~ N=9:
| ?- ambiguous(1,C,T1,T2).
ambiguous(1,C,T1,T2).

no
| ?- ambiguous(2,C,T1,T2).
ambiguous(2,C,T1,T2).

no
| ?- ambiguous(3,C,T1,T2).
ambiguous(3,C,T1,T2).

(1 ms) no
| ?- ambiguous(4,C,T1,T2).
ambiguous(4,C,T1,T2).

C = counts([4,2,2,1],[1,2,2,4],[4,2,2,1],[1,2,2,4])
T1 = [[1,2,3,4],[2,1,4,3],[3,4,1,2],[4,3,2,1]]
T2 = [[1,2,3,4],[2,4,1,3],[3,1,4,2],[4,3,2,1]] ? 


(1 ms) yes
| ?- ambiguous(5,C,T1,T2).
ambiguous(5,C,T1,T2).

C = counts([5,3,3,2,1],[1,2,2,3,3],[5,4,2,2,1],[1,2,2,3,3])
T1 = [[1,2,3,4,5],[2,3,4,5,1],[3,1,5,2,4],[4,5,1,3,2],[5,4,2,1,3]]
T2 = [[1,2,3,4,5],[2,3,4,5,1],[3,5,1,2,4],[4,1,5,3,2],[5,4,2,1,3]] ? 


(6 ms) yes
| ?- ambiguous(6,C,T1,T2).
ambiguous(6,C,T1,T2).

C = counts([6,3,4,2,2,1],[1,2,2,4,2,4],[6,3,4,2,2,1],[1,2,2,4,2,4])
T1 = [[1,2,3,4,5,6],[2,1,4,3,6,5],[3,4,5,6,1,2],[4,3,6,5,2,1],[5,6,1,2,3,4],[6,5,2,1,4,3]]
T2 = [[1,2,3,4,5,6],[2,1,4,6,3,5],[3,4,2,5,6,1],[4,6,5,3,1,2],[5,3,6,1,2,4],[6,5,1,2,4,3]] ? 


(1 ms) yes
| ?- ambiguous(7,C,T1,T2).
ambiguous(7,C,T1,T2).

C = counts([7,4,4,3,3,2,1],[1,2,2,3,2,4,4],[7,4,4,3,3,2,1],[1,2,3,2,2,4,4])
T1 = [[1,2,3,4,5,6,7],[2,1,4,3,6,7,5],[3,4,1,6,7,5,2],[4,3,5,7,1,2,6],[5,6,7,1,2,3,4],[6,7,2,5,3,4,1],[7,5,6,2,4,1,3]]
T2 = [[1,2,3,4,5,6,7],[2,1,4,3,6,7,5],[3,4,1,6,7,5,2],[4,3,5,7,2,1,6],[5,6,7,2,1,3,4],[6,7,2,5,3,4,1],[7,5,6,1,4,2,3]] ? 


(1 ms) yes
| ?- ambiguous(8,C,T1,T2).
ambiguous(8,C,T1,T2).

C = counts([8,4,4,2,4,2,2,1],[1,2,2,4,2,4,4,8],[8,4,4,2,4,2,2,1],[1,2,2,4,2,4,4,8])
T1 = [[1,2,3,4,5,6,7,8],[2,1,4,3,6,5,8,7],[3,4,1,2,7,8,5,6],[4,3,2,1,8,7,6,5],[5,6,7,8,1,2,3,4],[6,5,8,7,2,1,4,3],[7,8,5,6,3,4,1,2],[8,7,6,5,4,3,2,1]]
T2 = [[1,2,3,4,5,6,7,8],[2,1,4,3,6,5,8,7],[3,4,1,2,7,8,5,6],[4,3,2,1,8,7,6,5],[5,6,7,8,1,2,3,4],[6,5,8,7,2,4,1,3],[7,8,5,6,3,1,4,2],[8,7,6,5,4,3,2,1]] ? 


(1 ms) yes
| ?- ambiguous(9,C,T1,T2).
ambiguous(9,C,T1,T2).

C = counts([9,5,5,3,5,3,3,2,1],[1,2,2,3,2,4,4,4,2],[9,5,5,3,5,3,3,2,1],[1,2,2,3,2,4,5,4,2])
T1 = [[1,2,3,4,5,6,7,8,9],[2,1,4,3,6,5,8,9,7],[3,4,1,2,7,8,9,5,6],[4,3,2,1,8,9,6,7,5],[5,6,7,8,9,1,2,3,4],[6,5,8,9,1,7,4,2,3],[7,8,9,6,2,3,5,4,1],[8,9,5,7,3,4,1,6,2],[9,7,6,5,4,2,3,1,8]]
T2 = [[1,2,3,4,5,6,7,8,9],[2,1,4,3,6,5,8,9,7],[3,4,1,2,7,8,9,5,6],[4,3,2,1,8,9,6,7,5],[5,6,7,8,9,2,3,1,4],[6,5,8,9,1,7,4,2,3],[7,8,9,6,2,3,5,4,1],[8,9,5,7,3,4,1,6,2],[9,7,6,5,4,1,2,3,8]] ? 


(1 ms) yes
